{
  "robot_ip": "192.168.1.11",
  "source_files": [
    "table_plane_locked_orientation.json",
    "table_plane_locked_orientation2.json",
    "table_plane_locked_orientation3.json",
    "table_plane_locked_orientation4.json",
    "table_plane_locked_orientation5.json"
  ],
  "num_points": 9,
  "points": [
    {
      "id": "F1_P1",
      "base_T_ee": [
        [
          0.011066766455769539,
          0.9999386072158813,
          -0.000497765897307545,
          0.2187170535326004
        ],
        [
          0.9999387264251709,
          -0.011066627688705921,
          0.00028044110513292253,
          -0.4202914834022522
        ],
        [
          0.0002749153063632548,
          -0.0005008389707654715,
          -0.9999998211860657,
          0.0921715572476387
        ],
        [
          0.0,
          0.0,
          0.0,
          1.0
        ]
      ],
      "point_xyz": [
        0.2187170535326004,
        -0.4202914834022522,
        0.0921715572476387
      ],
      "rotation_drift_deg": 0.019184426223052452,
      "within_angle_threshold": true,
      "source_file": "table_plane_locked_orientation.json"
    },
    {
      "id": "F1_P2",
      "base_T_ee": [
        [
          0.01106254942715168,
          0.9999386668205261,
          -0.00050739775178954,
          0.21871276199817657
        ],
        [
          0.9999387264251709,
          -0.011062408797442913,
          0.00027934511308558285,
          -0.42029234766960144
        ],
        [
          0.0002737149188760668,
          -0.0005104569718241692,
          -0.9999998211860657,
          0.09217172116041183
        ],
        [
          0.0,
          0.0,
          0.0,
          1.0
        ]
      ],
      "point_xyz": [
        0.21871276199817657,
        -0.42029234766960144,
        0.09217172116041183
      ],
      "rotation_drift_deg": 0.02119233730473424,
      "within_angle_threshold": true,
      "source_file": "table_plane_locked_orientation.json"
    },
    {
      "id": "F2_P1",
      "base_T_ee": [
        [
          0.06895104050636292,
          0.9976199865341187,
          -0.00018758303485810757,
          0.3852974772453308
        ],
        [
          0.9976200461387634,
          -0.06895103305578232,
          5.037285518483259e-05,
          -0.293939471244812
        ],
        [
          3.7318921386031434e-05,
          -0.0001906098477775231,
          -1.0,
          0.09545692801475525
        ],
        [
          0.0,
          0.0,
          0.0,
          1.0
        ]
      ],
      "point_xyz": [
        0.3852974772453308,
        -0.293939471244812,
        0.09545692801475525
      ],
      "rotation_drift_deg": 0.006207648157898624,
      "within_angle_threshold": true,
      "source_file": "table_plane_locked_orientation2.json"
    },
    {
      "id": "F2_P2",
      "base_T_ee": [
        [
          0.06893742084503174,
          0.9976209402084351,
          -0.00018551266111899167,
          0.3853006958961487
        ],
        [
          0.9976209402084351,
          -0.06893741339445114,
          5.144366514286958e-05,
          -0.29393744468688965
        ],
        [
          3.853251473628916e-05,
          -0.00018861771968659014,
          -1.0,
          0.0954565480351448
        ],
        [
          0.0,
          0.0,
          0.0,
          1.0
        ]
      ],
      "point_xyz": [
        0.3853006958961487,
        -0.29393744468688965,
        0.0954565480351448
      ],
      "rotation_drift_deg": 0.01244327405561786,
      "within_angle_threshold": true,
      "source_file": "table_plane_locked_orientation2.json"
    },
    {
      "id": "F3_P1",
      "base_T_ee": [
        [
          0.17100943624973297,
          0.9852693676948547,
          -0.00015609341789968312,
          0.5460436344146729
        ],
        [
          0.9852692484855652,
          -0.17100949585437775,
          -0.0005016960785724223,
          -0.4371849596500397
        ],
        [
          -0.0005209991941228509,
          -6.799928814871237e-05,
          -0.9999998807907104,
          0.09579811245203018
        ],
        [
          0.0,
          0.0,
          0.0,
          1.0
        ]
      ],
      "point_xyz": [
        0.5460436344146729,
        -0.4371849596500397,
        0.09579811245203018
      ],
      "rotation_drift_deg": 0.005706196662086764,
      "within_angle_threshold": true,
      "source_file": "table_plane_locked_orientation3.json"
    },
    {
      "id": "F3_P2",
      "base_T_ee": [
        [
          0.17100393772125244,
          0.9852703213691711,
          -0.00014994447701610625,
          0.5460460186004639
        ],
        [
          0.9852702021598816,
          -0.17100398242473602,
          -0.0005033815396018326,
          -0.437183141708374
        ],
        [
          -0.0005216079880483449,
          -6.165559898363426e-05,
          -0.9999998807907104,
          0.09580138325691223
        ],
        [
          0.0,
          0.0,
          0.0,
          1.0
        ]
      ],
      "point_xyz": [
        0.5460460186004639,
        -0.437183141708374,
        0.09580138325691223
      ],
      "rotation_drift_deg": 0.0067493387487576354,
      "within_angle_threshold": true,
      "source_file": "table_plane_locked_orientation3.json"
    },
    {
      "id": "F4_P1",
      "base_T_ee": [
        [
          0.04009049013257027,
          0.9991951584815979,
          0.001345458091236651,
          0.2446650266647339
        ],
        [
          0.9991320371627808,
          -0.04010312631726265,
          0.011264785192906857,
          -0.42058542370796204
        ],
        [
          0.011309675872325897,
          0.000892679498065263,
          -0.9999356269836426,
          0.09191090613603592
        ],
        [
          0.0,
          0.0,
          0.0,
          1.0
        ]
      ],
      "point_xyz": [
        0.2446650266647339,
        -0.42058542370796204,
        0.09191090613603592
      ],
      "rotation_drift_deg": 0.01021394453468156,
      "within_angle_threshold": true,
      "source_file": "table_plane_locked_orientation4.json"
    },
    {
      "id": "F4_P2",
      "base_T_ee": [
        [
          0.04010068625211716,
          0.9991946816444397,
          0.0013541204389184713,
          0.24466504156589508
        ],
        [
          0.9991316795349121,
          -0.040113415569067,
          0.011259932070970535,
          -0.42058661580085754
        ],
        [
          0.011305183172225952,
          0.0009014136157929897,
          -0.9999356865882874,
          0.09191354364156723
        ],
        [
          0.0,
          0.0,
          0.0,
          1.0
        ]
      ],
      "point_xyz": [
        0.24466504156589508,
        -0.42058661580085754,
        0.09191354364156723
      ],
      "rotation_drift_deg": 0.015212790719883658,
      "within_angle_threshold": true,
      "source_file": "table_plane_locked_orientation4.json"
    },
    {
      "id": "F5_P1",
      "base_T_ee": [
        [
          0.019012609496712685,
          0.9997041821479797,
          0.015168123878538609,
          0.26249417662620544
        ],
        [
          0.9932929277420044,
          -0.020616896450519562,
          0.11377201974391937,
          -0.18043315410614014
        ],
        [
          0.11405108124017715,
          0.012903287075459957,
          -0.9933910965919495,
          0.09478557109832764
        ],
        [
          0.0,
          0.0,
          0.0,
          1.0
        ]
      ],
      "point_xyz": [
        0.26249417662620544,
        -0.18043315410614014,
        0.09478557109832764
      ],
      "rotation_drift_deg": 0.01967026187546063,
      "within_angle_threshold": true,
      "source_file": "table_plane_locked_orientation5.json"
    }
  ],
  "plane": {
    "normal": [
      -0.012593000281397572,
      -0.010431130793758544,
      0.9998662949886231
    ],
    "offset": -0.09351085880405105,
    "centroid": [
      0.33910465406046975,
      -0.36938156021965873,
      0.09394069678253597
    ],
    "equation": {
      "a": -0.012593000281397572,
      "b": -0.010431130793758544,
      "c": 0.9998662949886231,
      "d": -0.09351085880405105
    }
  }
}
